„4-

3333 3133333333 3111313333113, 3333 133 33133 33 3331313
3331313333 333333333313313333133333 eminemmem utile;
33 333133, 33 33133, 33 13133 3331333133133131333331133
33131333 3333333 3311333, 3133 nomme 333 commissione

. 33131131. Dens 33 3333133 33933311 suivant, 131333113 333

3313333133 3331313331 (333 1333 333 membres serment 33133
33 33 3311333, chacun selon ses mopens3 que 333 lettres
33331331 333333333 3 1333 133 emis de 13 1333113 3333 1333
333333331333 33333333 3333313133; 31 3333 qo'on 3311113-1
3311 13 3133131 possible 33 3313 3131131 31331133 3333331
3333331331 333331333 33331331333 3333 13 31333 33 313331333
33 repert 33333333 1333 33333333 33331 13 33 33 mois 33-
mei prochain.

Les amis 331113133331133133 13 1333113333 3313 s’empres·
33333133 333333333133331 131131333 3333333113. En trois
semeines 33 temps les 3333 133331 assez 33331333311133 3333·
(333333313 3333133 33 1’1131333311333 1133311 root, 13
3331333 3333313333, 33333 33313 1311 3311331133 133 3333333
333333 31 133 3333333333 33 1333313 3331333333( 333 13313-
31333 33333313331133, 3331 33333333 33 mettre de suite
13 mein 3 1133333833333 1311331333 333133 qu’une oom-
missioo 1( 33313333 333 13 1333113 333 3313 333311 31333333
(13 3313 33 333313 133 3331331333 3333333333 333313333,
struotion 333 grand et 3333333 3311333. 1133 13133333313,
13 meme 1333113 nomme membres 33 33113 3333133133 133
3333313 333 333133 3333333133 311333 1133333, 3333 33 83131-
11333113333131333133 3313 31113 31 33333 33 3131313133331
331333313. Lo commission 33 perdit 33333 moment. lm-
1333131333331, 3331-3-3133 avant 13 tin 33 13313 333311, 3113
31 oommenoer 13 1333331133 333 11313333 31 1331333333 333
pierres, 313331133313331 3111333331, 1133111333, 11133333 31
333333-13-3331333.3313313333 13 1333113 3333313 3333331-
3311 3311333331 133333133ῑί33 33 3333313331 3333133331.
11333 33 333333 33 151313, 3113 33333 333333 33113313

3333333 33 3311333; 333 33 temps 33333, 3113 333133 333
333113 33 1⁶¹ octobre summittens 133 33333311333331133
33331331 333333 3333333 13333333331331333;31,1313331333·
bre, 3113 3333333133 3133 33313333333 31 13 sous-regem.

 

