,11-

11 6166111616 161116 11616 661116 16 1961111669 1161166
commeneement de novembre 1671. A 66116 611166, 11111111
616 11616166 6611611616 11611166 6686111-1661166,1166-
1611. Plus 1616, 11 6611116616 66 861116-116116116, 1 111616,
61 mourut 6616 66116 11116 16 11 octobre 1719.

b. 1616116116 (16166 61-666616 p. 661161 111166666166
161116 11616 depuis 16 6 novembre 17711661166 11616 66
decembre 1671.

6. 1666 016166111616661-666616 1. 6016166111616161116
11616 depuis 16 31 decembre 1671 1161161 81611161 1676.

7.Α11161116111116666 116166 161-666666 1. rb) 66666661
01661161 16 111 11111611676.

8. Simon ab 116116 116166 61-666616 1. 60) 1611116116
1116611611 16 7 mei 1678, 61 16616111166666166 161116 11616
1661161 1681, 111616616 grande 61 16 161116 111616 16161166
1161661 66111666 1 61 6611 1161666611.

9. -81661616616 66 1111116 6616 1166861616-1116111.

1. 1666 1116116616, 6616161611 1161666661 66 college 66
6616, 6611116166-161611 16 7 septembre 16611616 61611
1611111116 1166666111 66 66 charge, il 161 nomme, 16116
1661116 666 6116, 6616 66 86111-16616661 1661611.

1. 11616· 166 obertate 116166 61-666616 p. 19) 161 promu
116 6666-16161661616 16116 6616166116 1669, 61166 166
66116 11161161 616116161666116 1616611 1166 66 deux 616.

3.]11161661166611116 116166 tri-bessus 1. tt) 161 sous
regent depuis 16 19 septembre 1661 1661166 19 6661 1661.

. 1. 116166111616666116 der Η66666 66666661 Hen-
6116111617 septembre 1861.

b. 6161166-116111166 Colere de Coleeb (16161 61-666666
p. 711 16111616 Van der 1166161 16 19 octobre 1668.

6. 11661116111666111616661-666666 1. 30) 161 nomme
6116161611 16 11 1611161 1671.

 

