..79-

Nicolas lamberti ou 1331333113 1313131331333, 133113
3331333313 11181 1439 333331 133 3133313 31 133 333133-
3311331313 1333111133 3313, 13133-31333133 33-333331113133
1313 311333313 13 3313313331 131333, 13 333133 jusqu'au
moment 13 33 3333331133 33 1331333133 3113313313 17 33-
3331331139. Cela 3133113 3131333331 13 13 3313 33133113 133
33313313 13 ville 13 1333313, 333 3333 33111333 31 1333333
381, nole 2.

1333333, 33 1411, 11331113111313333111 3113311113 13133-
3133333 331133333313 313 3311313333 1 13 313313333313
1113133331333 1113133 13 1133313 semble avoir pris 13 11333-
113313 33111 311333313, 331 3333133333 31333 333 1 333 1
1133 11313313 3333 13 nom 13 311333313 13 Ρ333.

131119131313311 13 1333131333, 3131133 13 3313, 3331 13
1311133,3313131333313, 31 13333 13 3333113 1313131333,
11333 1 13 1333111 133 3313 333 maison sise 333 des 611313,

333ᾶ33113111333 3311133 33133331 133 331311331 31 13 huit
113 13313.

1133 13331, 33 1113, 1333 Wydoe 13 133313-83131-133311331,
3313333331 13 1333111 1333313 31 3133311333 311333313
3331311313331 13 331131333 laquelle il avait 3333111 1 113331
131333 33 llll), laissa 3331331333331113133131133 13 6313-
1331113 113331131333 133 1111313313 3333313 333 13 33113
1111333313 3311 113133311,31311313 133313333 du Ρ31311
333 33133113 lle 1133133), 3131-313 13 13 maison ayant 3333
33331333 33 33331133 33 3333 3333333. 1133313313 13311333
333113331133313313133 333313 [33131133 1313333333.

charles 11313333333111111333313 31 3113331313 13 83131-
11333311333313. 111313 13 3333313 1333 113133, 33333313
13 133131133 13 333 33313 1333 33313 1311311311 1133133.

133133 333 1331311333, 3133133 31 31131133 333 13 Saint-
51111 1 333133 1333333, 13 dix-huit 1133133 13 11113 31133333,
133331311311313333 331113313 1333, 31131 31333 3331311131.

1333 1199, 11133133 13 11333, 13 3333333333131333 1113133
133313 3133333, vendit la 31133331313 1333 1 11113331

 

