-134-

133333333:mimai3e3 313331333311133333333 131333131-
33333333333333133133 3333331333 3113133333331313 33 333333
3311333333331333,1333333. 13311333311333 (1333 3333333333
3331113333333331333 11313313,3133333 333333 3333133313
1333331333133330331331333133 33331133 33 ¹13333333‘33333
333133133133333·13133333313131333333333313333333133333133
avaient 3333331333 [13113313 3313333333 33 33133333 13333
33133 31331 333313333333333 1333333333 333113333333333
ρ’33333,31333313333333331333333313333333333 33 vie. ,11
333333333333333 3333313333333331313813, 131333333333333
13333 pour 333 (3333333133,33·3333333333333··33333333333
333 ,3333313333 33133333 1333333 331133, 3133333333 31333
3311331313 de· 3313333333333113131-31,1333333 :aux =voe331333
33333113 33 1331333333 33 333333ςί3331 33 33331113, 31331
331333 3311131333333 333333333333313313.11313,ε;ρ3331333333
3311333 31311333, 333333 333.3311333313131333333333 333313
3331333333333103313 1333 11333313333333 33313. 3333133333
3331333313 313311 3333331393) 333 133 33331333333313 1333 ’
333133 (13.333331333933 333333333333333 rous· 1333133133
qu'ils pouvaient avoir 333 13 1333133133 33 Van 333 1113313333.
1)·331333333333 133333333311333,.33313333 1333333333
3331331133 333333 ³33* 33333333· 13 3333· 333333331333333133
31131333 Ι3333 3333133333 33 13 nouvelle 1333331333 13 33333
33 33331133 33 83113- 3133333333 13333311333331313333 (13313313)
3133, 33 13 3333 313831333- (13333333, 3¹ 1333331311 3333
33333 333 13333 33 3311393 33 633331 33 celui ’33 3331333 113 30313’
33 113 313333 3 13 133333 33 1’ 3tahlissemeqt tune 913313 3333333
3133333333 6311393333 Vauloetanum³ (13333333313303333³
3333333333 3333333313333333313333333 ,

,3333333 1333 313333 31333 3313333133313313133 33 13353
1333333333 13333133333333113331333333333333333331333-
3333333333.131331133333333 3331333313. 13333333333333333.
3331333133,1333333, 13· 3 3331116133, 133 33331333331333333
3333333333 33333· 33 83133-1333333 3 1333311333 33333333
33 131333, pro 1333333 3313333133 313 33313 3333333 av33 13
3133333333 313 331133333'333‘33 33313 obtenu 13 3333333 3333333

33 ’3333311331Ἣ13333333 ’3311313333 avec ’3331333333 3133333,
, 3

 

