-g·1-

1671 6 16 rio decembre 1671) 61 66 grammaire 166 1673 6
16781116 1686, 11 161 nomme 6 16 chaire d'hebreu au 6611666
6661666-1666666. 11666616 66 666116 depuis 16 11 1666166
1676, 11 661116 66666 66 66616661611 novembre 1666.
1166666 66166616,11666161 6661666666 66661 6666 166 111666
66 66116, 61, 66 1761, 6661666666 ordinaire 666 666666166.
11 16666616 6666616, 166666 6666616616, 16 1616661661761.
voroz, sur 1. 116666, 166 proicsseors d'bebreo 66 6611666 666
Trois-Languor, 6ο16; 61166 66616666 61 66616666666 66 droit.

11161666 Von 661· 1166616, 666666616661, erudiar 16 616116-
sophie 66166666, 61 6161161 16 16ο 61666 616 promotior 66
1676. 66666 666161611 666 66666 66 1166616616 6666661666
66 college d’hdrien vt, il 161 nomme, 16 8 octobre 1677, pro·
1666666 66 666666 figure, 61, 16 7 mai 1678, 6661666666 66
grammaire. 11 6661611166666661666616661166616666666 mois
d'octobre 1681, 16666611 66166666 66 116116666116 666161
,6666 66 1696, 61 mourut 16 3 aoht 1763. “

8. leco 16611666, 66861661, 11666 66666 66 philosophie
au 61611666, 61 161 6666166666616666 66161611 66661666 16
grammaire depuis 16 16 octobre 1681 166666 16 16 66 mois
d'aorit 1687, 16666611 666161 6661666666 66 66116666616 66
61661666. Le 81 6611161 1711611 obtint 66 6666616616 16 66166·
116616 66 Garri, 61 mourut 6666 66116 61116 16 86666166 1711,
666 66 6166 de 86666.11ο666,666 1. Van 11666, 166 666166·
6616 666666616 6661161666, 6ο 69; ob 116616 611 666 666666,
quii 66661666 16 metarique 66 6611666 66 16 Tres-Sainte-
·Τ616116; 11 6’6 occupatque 16 chaire de grammaire.

9. teon 11661166, 66 (16611, 616616 16 6666666616 6 16 66116-
66616 66 Poro, 61161 6666166616 5⁰ 6 16 promotior de 1683.
66666 66616 6616 16 66666 66 6661661166 1666661 66 theologie,
ii 6666666 61166 11666, 16 9 octobre 1687, 666616 chaire 66
grammaire, 616 66661666 66666616661666 deux ans. 11666161
6666116 6661666666 66 616-1166661616 616 666666616 66 Poro.
61 6166 tami 66666166 61 6666166 66 16 cathedrata 66 Bruges.
11 mourut 6666 66116 viiie 1618 66611 1731. voroz, sur 1666
11661166, 166 66616666666 66 16 666666616 66 Poro, 6ο 169.

6. b

 

