-13,

111111111111111111111111111.Α 1111111111111111111111-1-1111

- 111111111 1111111111 1 1111111, 1111 quelques 111111

111111111111111111, 1111111 11 theologie 1111 1111111111
gens 111 11 11111111111 1 11111 ecclesiastieae. 11 11111
111111111111111 11 1111111111 1111111111111. Plus 1111,
11 1111111111111 111111111 11 1111111111 saeuis-Nepos, 1
1111111111 nomme 11111111111 synodal 1111 repondisse-
ment de 1111111. En 1830, pige de 11111, 1111111111 11
111111111111111 1111111 111 fonctions 11111 11 1111-11111.
11111111 11111, 111111111111 111 111 1111111111111-
1111 11111111 111 1111111111111111 111111111.1111833,11
11111111111 1111111111, 1111111111111111 de 11111111111
81111111. 1111111111 11111111111111111 1 1111111, 1111111
1111111111111 1111111111111 11111111 11111111111111 1111111
11111111111111. En 1831, 11 1111111 11111 11111 grand
111, 1111111111 1111111111 111 fonctions de 1111111 general,
1111 11 11 111111111111 11111 1111111111.111111111111
111111111111111 11 1111111 1811. 1111111118. 111
1111111111,111 1111111111111 11 1111111111 1111, n⁰ 161.

31. lienis-Ioseph 1111311111, 11 1111111111, 111 111 11111
11 philosophie au 1111111111 111 1111111111 11811 11111·
motion de 1181. 11 11111111 1111111111111111111 111111-
1111 111111111111, 11 11111111 111 fonctions 11111111 111111-
111111111111111111. 11 mourut 1111111111 11191111 1198.

8. -11111111111 dee 1111111.

1. leae 1111111111 (voyez ei-dessus 1. 661 111 111111-
1111111 11111111111111111111 11111111 1681-16118 11 111
11111111 1111111111111 11158.

1. 13111111111111111111 11111111-111111 p. 611 11111111
1111111111 111111 1111 11111111 1658 1111111 1811111661.

1111111 11 mois de 11111111111661111111 11 11 11111111
,11111111 1683-1681, ily 111 deux 11111111111 111 figures:
111 1111111111 1111111111111, 111111 11 petite fipere. 111
111111111111111111111111111111· 3 1 11 11111111111111111

 

