-378-

Note 1111111111111111 pour 1111111111 111 1111111111 1111111
111 Carmen chausses 1 11111111.

hc 1111111 111 Carnes chausses 111 111111111 11 5 11·
11111111 1191111 111111111111111111 11 11 1111111111 111
111 1111111111111111 11111111. hes 1111111111 1111111111,
11111 111 1111111 111111 1 111111111111111, 111111 111111
111111111111 111 11 temps 11111. 11 11111111111111111111-
sementen 1199. 111 quelques 11111111111111 1 111111111-
1111 111111 convertis 11 1111111111111111111. Le 1111 d’en·
111111111111111111111; il existuit 111111 11 1 1 environ
111111111. ·

1111111 11 1111111111111 11911111111 moment 11 11
1111111111, 1111111111 1111111 chausses 111111 11 111111 11
1111111111811111111111, 1111 1111111 11111 11111111111111
1111111111 11 raison.

1 11 het 111111 1111111 11111191, 111Ρ111111111, 1111111

111 11111. 11111 111111111111, 1111111 van 8111 11111111,
11111111 11 1111111111111111111 111 111111111 1111111
mahen. en 111111111111111111111 11 1111111111 111 11 keah
111 111111 1111111111111111111111 11111, hem, 11 1111-
11111.111111111111 11111, 111111 hy 11 1111111111111111111-
zaemcn. elle 11 11111111 11111 11111111111 11111111
111111111111.... 1111111111 was het 11111111111 hieve
vrcunhncedecs 1111111111 1111111 1111111111, 111111 hegen
11111 11 1111111111111111 11111 111111 hcnwcn. En 111111
1111111 111111111111 111111111111 11111111 W. Bucncn.
611111111111111111111, 11. eac-1476.
- 11 1111111 111 Carnes chausses 11111111111111 1111 h
1111111111 111 1111 1111111 11 ueste-cnse 1111111111111.
Le 1111111 111111111 11111 Dominicains 1’11111111111
11111111 jandin 11111111110111111 chausses.

On 111111, 1111 111111111111111111111 11 M. Van 11111,
11 1111 1111 1111 131, 1111111 1111 1111111 du 1111111
1111111111 Carnes chausses 11 Louvain.

 

