-33..

31331313 13 ll decembre 1118. 1113 demando 3311131333-
Ρ11111333, cardinal 3133313333 33 113111133, 11 33111333, aveo
les prolesseurs Guyaux 31 Van 63133133, 13311133 3313 811113
33113 1131331, 33111133 3 Louvain 3111140. 11 331131113 33313-
31311( l'impression d’une 1133331133 1111313333 33 psautier,
13113 3 1331313 131313 3333333333. voroz, 33133313
11333111133333, 133 3133133313 33 3311333 33 6133333331,
n⁰ lllV; 31 13 33113 333 33313313 33 1113313313.

16. lieret-loseph Van (1311 813311, 33133131, 111 son cours
33 philosophie 3 13 pedagogio (13 Poro, 31 131 313313133 13 5⁰
3 13 3133131133 33 13 1333113 333 3113 33133333 113311
33331333 13 3331313 depuis 13 333311331133311113333333
1131313333313 11333 13313 33 novembre 1141, 13133311 131
nonime 313133333133 13113 33 3311333 33311313-3333333.
ll mourut en 1168113333 33313331311313331 331 13113333
13331111 3 vent. 113331, 331 Η.-1. 11333311 81333, 133 313133-
33313 33 133333 131133 33 3311333 333 Trois-Largus, n⁰ 16,
311113 313 311 3313113131· 3311 3333333 311311111313313 3333
13 chaire 33131111; 11 1331111113 Successit 31 3313111111141

Christiano 63133333 cedenti etuti 331113313111131131111313311.

11. 1113113313-1111131113613333, 33 1113333311 3133 3311333-
1113111, devint prol'esseur 33 33313113 331111. ll 33 13313111
333 1333113113 que 333333133 33 environ, 331, 13 38 33-
13131113 33 1331133 spirante, il 1313333133 3333131131 13
philosophie 3 13 333333313 33 1113311 11 31311313313.1)133
1313 11 devint 3113113133 3 1131133313, 311 1133313, 31 11133131
31118118. 113333, 331 1.-11. 1113133, 133 31313333313 33 13
333333313 33 Lis, 31131.

18. 6311311313-633331· 13311333, 33 3 11333 13 85 3131 11811,
313313 13 philosophie 3 13 pedagogio 3311331311ῑί3 13
l· 31333 313 3133131133 331110. 3313331311 pris 13 31333
33 3331131131 1311331 33 theologie, 11 3333333 31113133 3333
13 3113113 3333313113 331118113133 3 131133333 33 313113
13131111 1118, 11 quitto 33 3113113 133333 33113313, 31 33
13113113 31311333, oh 11313133 13 profession d'avocet jusqn'au
111313 33 1311131 1168, 13133311 131 3313313 3131111113 33 61333
conscit 33 33113 ville. ll y mourut 13 3 3131 1188.

 

