1
..666-

11 1116, 11 611 666666 66661666, 61, quoique 66666
61661, promotum· ou 6666161616 1666116 666 6616. 16
1116611616 6666616 6361661661, &plusieurs 66661666, 666
6616366 pour 66166666 666 intereas. 166 66166 dela
1666116 l'appellent 66666 6661666 66 same 1666166166
6666616666166116661 1121 61 &inumbra 14281.

11 6661166666666666666616666616 116 66166666
6166661666 14311·1131; 6666616616 (16616666 1131,
666 nom 66 figure plus parmi 166 admissi 66 6696611666.

Des 16 conmenoement, il avait 1666616666 66
maison 611666 16616166 (16·616116161616661 (6616666661
m Samum) 66 pedagogio 6666166616616616
66 66 1666116. (16 ’161 66116 1661666 qu’il 16866 661
1661661661 ’6611166166 (1616 616 66666666 116 666116 66
116ῑῦ6666166 (6166166166, VII p. 225).

1666661166 66116166 6616666666 66661666 666166 66
616· 61661616 6666661666 66 mmmmm-name, 611661
(1166666666616 6666 66 6666616616, 1111666666 61 6616611 66
1666 66 6616616166661161666616666666 61 66 16116, 6616616111
’66 11611, 66 6666661 6666161-1166116 66 166161611611666166
’6611161666 16616 61166 6666161166 66 66661166 6666661 6616
’666116361166 augustinianae 66111666666166,6661166 deux
66166666 16166661 66666 ’6116 6166666666 666 16616661
6661116616 (1).

06 trouve 666 666 66 666166166 86161-11161116 11666
1666616 6666666161, p. 254.

1166116661 666 partie 666 6611666616 6166616666166661
66661166 66 1863. Les parties 6666666666 661616 6666661166
66 6666666 6161661666 61 66 cavalario. [16661616 6666
mois 66 mars 6616666618111, 1666166 66666616686161-
1166116 6616611666 par des 66116616666611116616.

(1) Voyn, 661· 16 1666666-116166-116666, 6666166166 pour 666616· a
11166166 666166166666616616 36161666,1,ρ.115; IX, p. 4733 XH,
p. 4413 11111, p. 713 XV, p. 397 ς 6111111, p. 5.

 

