-ttt-

1111111611 11611111161111161 161661 1669. 16661· 166
6166166116 61 6611666 66 Van 9116, 1ο Vll. . 1

9. 1111166616166111111, 616116, 16 61166666, 61111616,6

1666611169161111616. , ,

10. 661616 111 1166, 11661616 66 616116, 1611111116 6111666
66 6116, 616611161611 6116111116 de 6161666611, au moment

611 111111 6611116 61116116 66611111-111616,106111169666
1611116 1633.

ἐξ. (1116111616 6611161111616166661116 1161611616 61
1 61 31

19. Andre 1166616111, 6111661111 6611 6111661116 61111661
6161666111111161611116 11 6611666 66 0116 11 6611116166-
1161161 mois de 1611161 1638.

13. 1166611619116111, 616116 66 1011116116, 6116111116 6611
16111116, 6166161111 116161161611 6611666 66 6116, 16166
1161666161 666 0111611616, 6116111111 66 venir t Lou-
1111, 11 11111 616 6161666611 66116161161611 college 66

1011161111 111111166111111666 6666666166 61666 61666116

Ξ61116, 61116 11 11111 661 61 616611116661 116161, 1161161161,
6 11-161, 11, 6. 190.

11. 1116116616 116111111166611, 616116 661’01116116,1111166
1111161166, 61616661 11666616 11 college de 0116 Plus 1116
11 661111 6161111611· 66 101116116 6611611111, 61 611111 6116
61 1111616116 1811161166, ott 11 mourut 16 16 mai 1101, 666
66 81 116.

16. 1161 11611611, 6161666611 661161611616 11 moment 66
11 61661666161 61 6611666, 1116111166 6161166116116116611
616616616616166 11 1611111661 6611161616616611.

16. 611616 1166111116 61111 616166661166 666616 111 116166
666616. Le 9 juillet 1658, 1611161611116611611111 16 16111116
111 611116 66 morale, 1111666161 jusqu’au commeneement
66111166 1669. 1616611611 6116 666 grades 61 61611, 11
1111166111 1616616161611 6611 1611111611. Le 1666611116
1669, 11 61611 serment en 611111661166111661161 1161111116
61116 magistrat de Louvain.

 

