..14-

66 16 grande 1161,· 6666 6666666 ci-dessous 1. 111166
66616666 11616666616 66 16 161116 ficere 66 16616 16111.

3. 1111111111 1111611116 (noyez 11-666666 p. 19) 66666666
1166166116 6666 16 chaire 666 figures 6116666116166116611
ld novembre 1666.

1. Vcn 611· 11611111 161 616166666166 grande 1111116
depuis le 1 6666161116 todo jusqu'eu 61616 66 6666611116 66
166666 66116616.

6. 06161111 6666116616 grande figure 6611616 16 9 de-
oenone-1666 jusque 1616 16 lin 66 166666 61116616.

6. 1111111 1111111111, 616161, 616616 16 11116661616616 11666-
gogie do Poro, 61111 11661666111111116 sur 193 concurrente
616 1161661166 66 leot. 16 36 6666161116 1661, 11 1616111616
(16166116 6666 16 616116 66 grande 111611, 61 166611611616611
61616 66661 1669,1616111’11 161666116611161666611 66 111116-
6611116 66 Ρο16. Vers 1616, 11 devint professeur 66 6661166116
dle-Clade 6166666166 66 sainte-croix, 6 11616. 11 mourut

6666 66116 11116, 169 1661 1686.

1. 1611611111 1616611, 66 1661616,666161161161111616611166-
logie, enseigna 16 161116 figure du 9166161661 6119 66111
1669, 1616111111 66116111161666611 66 grande 111111. 16 16616
6616111611611, 11 161 6661616 president du college 6611666.
ll 66116161611616 16 dl octobre 1161, 611166 11166 66
33 666 66 111661661166. 116166, 661 16666116 1616611, 166 1116-
sidente 66 college 66 11666, 6ο ld.

8. chortes-Matthiae dotem 61 delectent 6 1161, d'abord
sous-regent du college 6616 Τ166-861616·Τ116116,1616111666
16166116666 16 6116116 66 grande ficere 16 11 juillet 1611, 61
16666116 pendant 6611· 666. 1166 16 1 octobre 1611, 16 1666116
6666116 161611 11661166 616 666661661 66 saint-Germani, 6
1111616661, 11611 6116 666661111 66 16166666 66 1616.

916611 0116611111116161 ei-dessus 11. 661 66661166 16
grande 111111666161616 81111161161611611666 61616 (16616616
66 116666 66116616.

 

